 -.523498E+01 -.296953E+01 -.748350E+01 -.106871E+01 0.183702E+03
 -.534792E+01 -.298583E+01 -.776026E+01 -.108902E+01 0.196989E+03
 -.588952E+01 -.293954E+01 -.840143E+01 -.110763E+01 0.230969E+03
 -.391442E+01 -.297038E+01 -.864059E+01 -.113053E+01 0.231103E+03
 -.512547E+01 -.293665E+01 -.727750E+01 -.108667E+01 0.221300E+03
 -.540542E+01 -.300228E+01 -.820110E+01 -.104505E+01 0.222639E+03
 -.520941E+01 -.296060E+01 -.649184E+01 -.110726E+01 0.205442E+03
 -.508940E+01 -.300724E+01 -.630689E+01 -.107702E+01 0.224671E+03
 -.700000E+01 -.295594E+01 -.803575E+01 -.113401E+01 0.241668E+03
 -.350000E+01 -.301644E+01 -.794531E+01 -.105072E+01 0.250100E+03
 -.507929E+01 -.295085E+01 -.580000E+01 -.106490E+01 0.194439E+03
 -.552275E+01 -.292680E+01 -.819795E+01 -.104909E+01 0.246351E+03
 -.620188E+01 -.300150E+01 -.819439E+01 -.102060E+01 0.249913E+03
 -.542203E+01 -.293578E+01 -.760709E+01 -.107311E+01 0.219016E+03
 -.547461E+01 -.293818E+01 -.816926E+01 -.110872E+01 0.234648E+03
 -.571278E+01 -.297644E+01 -.696475E+01 -.107056E+01 0.185154E+03
 -.478816E+01 -.298011E+01 -.746195E+01 -.101235E+01 0.239026E+03
 -.602965E+01 -.299753E+01 -.810827E+01 -.111977E+01 0.239133E+03
 -.502040E+01 -.295604E+01 -.740000E+01 -.110930E+01 0.210517E+03
 -.497269E+01 -.299369E+01 -.669671E+01 -.112492E+01 0.240092E+03
 -.402451E+01 -.293298E+01 -.665635E+01 -.107012E+01 0.224885E+03
 -.539112E+01 -.298661E+01 -.740000E+01 -.109012E+01 0.198343E+03
 -.601319E+01 -.300480E+01 -.856114E+01 -.110809E+01 0.238996E+03
 -.536619E+01 -.300140E+01 -.714244E+01 -.103551E+01 0.229671E+03
 -.518059E+01 -.294328E+01 -.608407E+01 -.112303E+01 0.241855E+03
 -.513298E+01 -.297016E+01 -.773621E+01 -.112826E+01 0.227877E+03
 -.526428E+01 -.297882E+01 -.784218E+01 -.105861E+01 0.187763E+03
 -.515422E+01 -.299896E+01 -.625625E+01 -.107504E+01 0.208909E+03
 -.529024E+01 -.301465E+01 -.720323E+01 -.107973E+01 0.242082E+03
 -.626831E+01 -.299618E+01 -.742401E+01 -.110096E+01 0.217735E+03
 -.524078E+01 -.298839E+01 -.839847E+01 -.105369E+01 0.197378E+03
 -.478471E+01 -.295448E+01 -.807562E+01 -.103630E+01 0.206808E+03
 -.636848E+01 -.296230E+01 -.745064E+01 -.103200E+01 0.206370E+03
 -.536774E+01 -.300954E+01 -.688312E+01 -.104190E+01 0.239649E+03
 -.492259E+01 -.301475E+01 -.743517E+01 -.106759E+01 0.240698E+03
 -.563033E+01 -.298281E+01 -.808537E+01 -.104760E+01 0.195611E+03
 -.542382E+01 -.295047E+01 -.802230E+01 -.101331E+01 0.244834E+03
 -.585411E+01 -.296300E+01 -.685590E+01 -.103849E+01 0.199082E+03
 -.578950E+01 -.297089E+01 -.768730E+01 -.102222E+01 0.218387E+03
 -.504406E+01 -.298958E+01 -.800273E+01 -.109849E+01 0.207075E+03
 -.661200E+01 -.295627E+01 -.771908E+01 -.109157E+01 0.195988E+03
 -.577319E+01 -.297228E+01 -.750082E+01 -.113131E+01 0.232407E+03
 -.615052E+01 -.296572E+01 -.802153E+01 -.109478E+01 0.193214E+03
 -.531234E+01 -.297337E+01 -.685267E+01 -.105901E+01 0.185551E+03
 -.539521E+01 -.293255E+01 -.747047E+01 -.110689E+01 0.244968E+03
 -.443188E+01 -.300223E+01 -.791825E+01 -.112187E+01 0.249719E+03
 -.537291E+01 -.293104E+01 -.772277E+01 -.107786E+01 0.230711E+03
 -.526651E+01 -.293426E+01 -.796132E+01 -.104623E+01 0.229729E+03
 -.528208E+01 -.293737E+01 -.732837E+01 -.107271E+01 0.215663E+03
 -.520408E+01 -.298333E+01 -.750126E+01 -.108393E+01 0.192408E+03
 -.520645E+01 -.298114E+01 -.731306E+01 -.114120E+01 0.251257E+03
 -.539075E+01 -.294827E+01 -.754304E+01 -.108837E+01 0.202617E+03
 -.604827E+01 -.297955E+01 -.751178E+01 -.104102E+01 0.198437E+03
 -.447693E+01 -.294454E+01 -.737817E+01 -.106737E+01 0.202716E+03
 -.526539E+01 -.298150E+01 -.748122E+01 -.107705E+01 0.188839E+03
 -.538756E+01 -.299560E+01 -.664102E+01 -.101273E+01 0.254430E+03
 -.512478E+01 -.292948E+01 -.703475E+01 -.108841E+01 0.238697E+03
 -.539689E+01 -.297026E+01 -.694596E+01 -.110626E+01 0.202132E+03
 -.657437E+01 -.300117E+01 -.757259E+01 -.108211E+01 0.214554E+03
 -.649058E+01 -.300227E+01 -.761658E+01 -.110260E+01 0.229201E+03
 -.514666E+01 -.296309E+01 -.752310E+01 -.101994E+01 0.223220E+03
 -.441639E+01 -.296594E+01 -.686021E+01 -.109161E+01 0.191133E+03
 -.523852E+01 -.298942E+01 -.769394E+01 -.104136E+01 0.206624E+03
 -.558767E+01 -.298215E+01 -.768067E+01 -.104315E+01 0.198354E+03
 -.526195E+01 -.296200E+01 -.741043E+01 -.110699E+01 0.204495E+03
 -.494487E+01 -.294697E+01 -.769331E+01 -.109982E+01 0.211939E+03
 -.526597E+01 -.292909E+01 -.713668E+01 -.109483E+01 0.243570E+03
 -.529985E+01 -.294193E+01 -.801339E+01 -.107776E+01 0.208067E+03
 -.527545E+01 -.299885E+01 -.793585E+01 -.111985E+01 0.241362E+03
 -.655233E+01 -.293381E+01 -.761678E+01 -.107410E+01 0.223449E+03
 -.559850E+01 -.294360E+01 -.781890E+01 -.113285E+01 0.254901E+03
 -.534786E+01 -.298267E+01 -.741940E+01 -.114272E+01 0.254823E+03
 -.505121E+01 -.296446E+01 -.772447E+01 -.105981E+01 0.185644E+03
 -.510429E+01 -.297469E+01 -.747213E+01 -.109012E+01 0.190677E+03
 -.523860E+01 -.297191E+01 -.741462E+01 -.106955E+01 0.183880E+03
 -.553880E+01 -.293923E+01 -.714243E+01 -.110787E+01 0.231772E+03
 -.417307E+01 -.301156E+01 -.733407E+01 -.105944E+01 0.234472E+03
 -.700000E+01 -.299126E+01 -.741261E+01 -.105469E+01 0.200237E+03
 -.522971E+01 -.298130E+01 -.732857E+01 -.108857E+01 0.193088E+03
 -.520613E+01 -.294877E+01 -.699790E+01 -.102725E+01 0.223971E+03
 -.535246E+01 -.296126E+01 -.737257E+01 -.108069E+01 0.187693E+03
 -.525000E+01 -.300341E+01 -.770373E+01 -.107392E+01 0.216544E+03
 -.558010E+01 -.295751E+01 -.671657E+01 -.106158E+01 0.188777E+03
 -.525981E+01 -.295681E+01 -.876620E+01 -.104894E+01 0.194459E+03
 -.515151E+01 -.297020E+01 -.738533E+01 -.101234E+01 0.235770E+03
 -.526371E+01 -.292702E+01 -.692523E+01 -.104139E+01 0.251393E+03
 -.514285E+01 -.297374E+01 -.759701E+01 -.104958E+01 0.189767E+03
 -.520562E+01 -.297495E+01 -.696045E+01 -.104338E+01 0.194395E+03
 -.525000E+01 -.293324E+01 -.805820E+01 -.108745E+01 0.229114E+03
 -.539296E+01 -.295584E+01 -.745809E+01 -.110656E+01 0.208016E+03
 -.523001E+01 -.296910E+01 -.731304E+01 -.110855E+01 0.204339E+03
 -.525005E+01 -.298959E+01 -.772092E+01 -.109945E+01 0.207832E+03
 -.524902E+01 -.293893E+01 -.808369E+01 -.107259E+01 0.212600E+03
 -.568107E+01 -.295538E+01 -.754429E+01 -.108856E+01 0.195029E+03
 -.561998E+01 -.301324E+01 -.772131E+01 -.105809E+01 0.238717E+03
 -.523860E+01 -.296016E+01 -.800058E+01 -.102327E+01 0.219310E+03
 -.529769E+01 -.298539E+01 -.656473E+01 -.108006E+01 0.192766E+03
 -.523605E+01 -.296823E+01 -.732966E+01 -.113974E+01 0.245011E+03
 -.527283E+01 -.296616E+01 -.817234E+01 -.112790E+01 0.227696E+03
 -.518631E+01 -.293244E+01 -.760054E+01 -.102676E+01 0.254120E+03
 -.572831E+01 -.292506E+01 -.829205E+01 -.108543E+01 0.249191E+03
 -.688838E+01 -.298300E+01 -.726939E+01 -.107483E+01 0.189496E+03
 -.519433E+01 -.294888E+01 -.746354E+01 -.112106E+01 0.231264E+03
 -.524292E+01 -.301783E+01 -.602401E+01 -.105061E+01 0.253371E+03
 -.511308E+01 -.298029E+01 -.678003E+01 -.100600E+01 0.252467E+03
 -.508762E+01 -.297076E+01 -.697684E+01 -.103441E+01 0.202095E+03
 -.518826E+01 -.297067E+01 -.765692E+01 -.114416E+01 0.252207E+03
 -.700000E+01 -.299371E+01 -.732282E+01 -.106168E+01 0.201203E+03
 -.525109E+01 -.293096E+01 -.679799E+01 -.106995E+01 0.229777E+03
 -.524697E+01 -.298943E+01 -.762401E+01 -.104882E+01 0.201121E+03
 -.520166E+01 -.297359E+01 -.784741E+01 -.111232E+01 0.208713E+03
 -.520546E+01 -.298430E+01 -.686721E+01 -.103058E+01 0.212913E+03
 -.530377E+01 -.299598E+01 -.688376E+01 -.103652E+01 0.219791E+03
 -.626748E+01 -.298459E+01 -.734847E+01 -.106126E+01 0.191129E+03
 -.689367E+01 -.295956E+01 -.706961E+01 -.109399E+01 0.195220E+03
 -.522763E+01 -.297181E+01 -.762582E+01 -.105939E+01 0.185161E+03
 -.523774E+01 -.295702E+01 -.803430E+01 -.110578E+01 0.206346E+03
 -.524793E+01 -.294145E+01 -.868288E+01 -.106327E+01 0.208218E+03
 -.496134E+01 -.299314E+01 -.758679E+01 -.109985E+01 0.212541E+03
 -.521285E+01 -.297347E+01 -.764167E+01 -.101426E+01 0.232527E+03
 -.524726E+01 -.298723E+01 -.692967E+01 -.109180E+01 0.199942E+03
 -.541045E+01 -.297513E+01 -.702161E+01 -.112753E+01 0.227781E+03
 -.524192E+01 -.294692E+01 -.826102E+01 -.105065E+01 0.204124E+03
 -.529157E+01 -.296073E+01 -.749128E+01 -.108754E+01 0.190809E+03
 -.526806E+01 -.297555E+01 -.683885E+01 -.102991E+01 0.208490E+03
 -.529514E+01 -.294460E+01 -.708288E+01 -.107196E+01 0.202735E+03
 -.506213E+01 -.292775E+01 -.751799E+01 -.107966E+01 0.239581E+03
 -.513297E+01 -.297339E+01 -.736615E+01 -.103891E+01 0.197870E+03
 -.527156E+01 -.296849E+01 -.751132E+01 -.108319E+01 0.186591E+03
 -.648456E+01 -.297749E+01 -.758192E+01 -.107644E+01 0.186385E+03
 -.539272E+01 -.297877E+01 -.799423E+01 -.113438E+01 0.239208E+03
 -.411977E+01 -.296278E+01 -.822997E+01 -.106951E+01 0.185049E+03
 -.527188E+01 -.300499E+01 -.601202E+01 -.105899E+01 0.220610E+03
 -.517833E+01 -.296783E+01 -.747755E+01 -.110949E+01 0.205353E+03
 -.523537E+01 -.295576E+01 -.782593E+01 -.104204E+01 0.200297E+03
 -.516239E+01 -.295718E+01 -.738893E+01 -.111049E+01 0.210850E+03
 -.533473E+01 -.301911E+01 -.740000E+01 -.106089E+01 0.252671E+03
 -.599161E+01 -.298149E+01 -.758795E+01 -.106036E+01 0.188925E+03
 -.500719E+01 -.296927E+01 -.744263E+01 -.106640E+01 0.183788E+03
 -.522119E+01 -.299526E+01 -.761202E+01 -.105448E+01 0.205682E+03
 -.513355E+01 -.294968E+01 -.735389E+01 -.102607E+01 0.224482E+03
 -.527362E+01 -.295496E+01 -.749940E+01 -.106088E+01 0.190981E+03
 -.522916E+01 -.296543E+01 -.774637E+01 -.109647E+01 0.194460E+03
 -.521035E+01 -.297597E+01 -.785053E+01 -.103780E+01 0.199719E+03
 -.548367E+01 -.297397E+01 -.702223E+01 -.112996E+01 0.230835E+03
 -.526425E+01 -.296656E+01 -.612587E+01 -.110614E+01 0.202263E+03
 -.526844E+01 -.296644E+01 -.755414E+01 -.107023E+01 0.184006E+03
 -.521752E+01 -.297030E+01 -.764670E+01 -.110543E+01 0.201363E+03
 -.560875E+01 -.295434E+01 -.767055E+01 -.107153E+01 0.190732E+03
 -.462859E+01 -.301223E+01 -.694813E+01 -.104724E+01 0.241688E+03
 -.526777E+01 -.297590E+01 -.775002E+01 -.107184E+01 0.185031E+03
 -.555236E+01 -.294458E+01 -.724828E+01 -.111386E+01 0.228822E+03
 -.523443E+01 -.296851E+01 -.743676E+01 -.100630E+01 0.248430E+03
 -.521556E+01 -.298506E+01 -.751607E+01 -.109454E+01 0.199630E+03
 -.558152E+01 -.297902E+01 -.702004E+01 -.106625E+01 0.186441E+03
 -.415625E+01 -.292238E+01 -.785792E+01 -.106497E+01 0.253403E+03
 -.523369E+01 -.292537E+01 -.580000E+01 -.106954E+01 0.244500E+03
 -.469041E+01 -.295804E+01 -.750773E+01 -.107601E+01 0.188364E+03
 -.516473E+01 -.297718E+01 -.744306E+01 -.107064E+01 0.185476E+03
 -.520907E+01 -.293700E+01 -.814661E+01 -.103961E+01 0.229273E+03
 -.523476E+01 -.294999E+01 -.779307E+01 -.112672E+01 0.237278E+03
 -.527582E+01 -.295567E+01 -.783721E+01 -.108544E+01 0.193263E+03
 -.524576E+01 -.296755E+01 -.707688E+01 -.110603E+01 0.202010E+03
 -.576501E+01 -.296896E+01 -.700010E+01 -.102209E+01 0.218535E+03
 -.559414E+01 -.292847E+01 -.789616E+01 -.105877E+01 0.237534E+03
 -.521414E+01 -.292737E+01 -.740000E+01 -.105226E+01 0.243043E+03
 -.546662E+01 -.296312E+01 -.750411E+01 -.107098E+01 0.184979E+03
 -.513305E+01 -.293544E+01 -.751986E+01 -.109417E+01 0.228146E+03
 -.542210E+01 -.294412E+01 -.725042E+01 -.111575E+01 0.231665E+03
 -.459849E+01 -.292503E+01 -.737346E+01 -.107379E+01 0.245803E+03
 -.541989E+01 -.296185E+01 -.706233E+01 -.107782E+01 0.186585E+03
 -.522377E+01 -.296306E+01 -.760692E+01 -.107743E+01 0.185980E+03
 -.545631E+01 -.300682E+01 -.748437E+01 -.106439E+01 0.223153E+03
 -.517291E+01 -.297415E+01 -.762846E+01 -.106707E+01 0.184383E+03
 -.525694E+01 -.295773E+01 -.745418E+01 -.105322E+01 0.191464E+03
 -.584561E+01 -.296553E+01 -.706261E+01 -.105517E+01 0.186919E+03
 -.524941E+01 -.300716E+01 -.875955E+01 -.106293E+01 0.224073E+03
 -.573046E+01 -.297359E+01 -.748038E+01 -.106550E+01 0.184353E+03
 -.507933E+01 -.296329E+01 -.756704E+01 -.104713E+01 0.191928E+03
 -.490715E+01 -.293457E+01 -.791918E+01 -.105122E+01 0.225968E+03
 -.516975E+01 -.297219E+01 -.719226E+01 -.114506E+01 0.253887E+03
 -.531724E+01 -.296612E+01 -.742697E+01 -.112720E+01 0.226738E+03
 -.524859E+01 -.299612E+01 -.740742E+01 -.106534E+01 0.204089E+03
 -.496022E+01 -.295318E+01 -.750502E+01 -.101732E+01 0.234504E+03
 -.507749E+01 -.297427E+01 -.688494E+01 -.109410E+01 0.192999E+03
 -.494510E+01 -.299096E+01 -.640913E+01 -.106572E+01 0.197066E+03
 -.479169E+01 -.295007E+01 -.723579E+01 -.111842E+01 0.226579E+03
 -.522279E+01 -.297188E+01 -.780466E+01 -.113589E+01 0.239146E+03
 -.522967E+01 -.297111E+01 -.777577E+01 -.103485E+01 0.201643E+03
 -.569114E+01 -.296992E+01 -.764956E+01 -.110725E+01 0.203064E+03
 -.537446E+01 -.301229E+01 -.715955E+01 -.110239E+01 0.249735E+03
 -.520065E+01 -.297554E+01 -.751604E+01 -.106849E+01 0.184774E+03
 -.540094E+01 -.298320E+01 -.714124E+01 -.103027E+01 0.212396E+03
 -.527987E+01 -.296775E+01 -.733192E+01 -.106368E+01 0.184175E+03
 -.524686E+01 -.297144E+01 -.769077E+01 -.107786E+01 0.184960E+03
 -.521761E+01 -.298009E+01 -.768887E+01 -.104814E+01 0.193389E+03
 -.550705E+01 -.298047E+01 -.704171E+01 -.108713E+01 0.191807E+03
 -.484284E+01 -.296150E+01 -.751546E+01 -.107176E+01 0.185735E+03
 -.495296E+01 -.300924E+01 -.748549E+01 -.107350E+01 0.228287E+03
 -.521850E+01 -.299279E+01 -.818844E+01 -.102873E+01 0.224475E+03
 -.523578E+01 -.294334E+01 -.785907E+01 -.110035E+01 0.217829E+03
 -.530235E+01 -.294588E+01 -.728267E+01 -.106900E+01 0.200677E+03
 -.529344E+01 -.295667E+01 -.735626E+01 -.104860E+01 0.194780E+03
 -.536817E+01 -.292296E+01 -.659381E+01 -.106260E+01 0.252086E+03
 -.521997E+01 -.297249E+01 -.726691E+01 -.101925E+01 0.223416E+03
 -.524955E+01 -.297294E+01 -.715317E+01 -.109635E+01 0.194232E+03
 -.520169E+01 -.297394E+01 -.675136E+01 -.105606E+01 0.186681E+03
 -.563380E+01 -.294931E+01 -.761399E+01 -.104802E+01 0.202557E+03
 -.524494E+01 -.296108E+01 -.751264E+01 -.107051E+01 0.185862E+03
 -.522667E+01 -.293550E+01 -.772069E+01 -.105032E+01 0.224463E+03
 -.401579E+01 -.294033E+01 -.787577E+01 -.109537E+01 0.219200E+03
 -.523601E+01 -.300512E+01 -.842483E+01 -.111165E+01 0.243260E+03
 -.519451E+01 -.295520E+01 -.752139E+01 -.107061E+01 0.189901E+03
 -.501358E+01 -.300132E+01 -.772278E+01 -.101857E+01 0.252991E+03
 -.521673E+01 -.301479E+01 -.681284E+01 -.103939E+01 0.254019E+03
 -.520640E+01 -.296298E+01 -.721627E+01 -.108763E+01 0.189819E+03
 -.520572E+01 -.297208E+01 -.756155E+01 -.104220E+01 0.194679E+03
 -.583646E+01 -.293431E+01 -.725151E+01 -.106533E+01 0.222123E+03
 -.524243E+01 -.296238E+01 -.754669E+01 -.107591E+01 0.185924E+03
 -.568370E+01 -.296865E+01 -.711482E+01 -.106530E+01 0.183902E+03
 -.557577E+01 -.297898E+01 -.751680E+01 -.106696E+01 0.186373E+03
 -.512481E+01 -.296404E+01 -.712763E+01 -.104999E+01 0.189883E+03
 -.524411E+01 -.294570E+01 -.900000E+01 -.108963E+01 0.206850E+03
 -.520698E+01 -.295600E+01 -.748560E+01 -.105912E+01 0.190555E+03
 -.512437E+01 -.298675E+01 -.748354E+01 -.106780E+01 0.192307E+03
 -.536468E+01 -.298209E+01 -.728137E+01 -.110795E+01 0.208340E+03
 -.576005E+01 -.296173E+01 -.743187E+01 -.106175E+01 0.186229E+03
 -.516024E+01 -.297051E+01 -.780966E+01 -.109082E+01 0.190317E+03
 -.634606E+01 -.294962E+01 -.627536E+01 -.104896E+01 0.201584E+03
 -.523280E+01 -.296158E+01 -.763265E+01 -.104331E+01 0.195443E+03
 -.564691E+01 -.296474E+01 -.745663E+01 -.107348E+01 0.184682E+03
 -.528841E+01 -.297601E+01 -.807443E+01 -.106175E+01 0.185670E+03
 -.531482E+01 -.298380E+01 -.754136E+01 -.106674E+01 0.189694E+03
 -.527219E+01 -.301263E+01 -.690141E+01 -.103675E+01 0.251443E+03
 -.507964E+01 -.301679E+01 -.787207E+01 -.105974E+01 0.246960E+03
 -.527408E+01 -.297269E+01 -.747286E+01 -.114411E+01 0.252373E+03
 -.471937E+01 -.295128E+01 -.766903E+01 -.105186E+01 0.198010E+03
 -.534569E+01 -.297284E+01 -.727583E+01 -.106295E+01 0.184531E+03
 -.514786E+01 -.295103E+01 -.754053E+01 -.103868E+01 0.207956E+03
 -.560272E+01 -.300270E+01 -.737803E+01 -.105733E+01 0.216808E+03
 -.524602E+01 -.297391E+01 -.751719E+01 -.107875E+01 0.185652E+03
 -.523894E+01 -.296990E+01 -.784196E+01 -.112134E+01 0.218725E+03
 -.554827E+01 -.298821E+01 -.587004E+01 -.104628E+01 0.201453E+03
 -.522946E+01 -.297967E+01 -.755132E+01 -.108341E+01 0.189667E+03
 -.546002E+01 -.296935E+01 -.762898E+01 -.106828E+01 0.183706E+03
 -.458400E+01 -.297341E+01 -.732808E+01 -.100967E+01 0.241617E+03
 -.530965E+01 -.298634E+01 -.678385E+01 -.106232E+01 0.192509E+03
 -.506215E+01 -.295930E+01 -.749830E+01 -.107065E+01 0.186865E+03
 -.505232E+01 -.297368E+01 -.785419E+01 -.108659E+01 0.188555E+03
 -.523512E+01 -.295496E+01 -.750767E+01 -.104484E+01 0.198763E+03
 -.524785E+01 -.294086E+01 -.797809E+01 -.104327E+01 0.218738E+03
 -.522398E+01 -.296232E+01 -.779552E+01 -.107203E+01 0.185387E+03
 -.532979E+01 -.295266E+01 -.743392E+01 -.106119E+01 0.193109E+03
 -.529045E+01 -.293201E+01 -.766279E+01 -.103035E+01 0.250363E+03
 -.531077E+01 -.299319E+01 -.741849E+01 -.107592E+01 0.200481E+03
 -.525453E+01 -.294551E+01 -.745845E+01 -.106595E+01 0.201339E+03
 -.526392E+01 -.300844E+01 -.741825E+01 -.102631E+01 0.254783E+03
 -.526631E+01 -.297142E+01 -.709790E+01 -.109352E+01 0.192059E+03
 -.457922E+01 -.299352E+01 -.607735E+01 -.105715E+01 0.202233E+03
 -.523475E+01 -.298794E+01 -.726314E+01 -.109168E+01 0.200602E+03
 -.504739E+01 -.297312E+01 -.768178E+01 -.106474E+01 0.184328E+03
 -.506117E+01 -.292832E+01 -.722079E+01 -.108221E+01 0.238925E+03
 -.517661E+01 -.293636E+01 -.821423E+01 -.109565E+01 0.227216E+03
 -.524300E+01 -.300942E+01 -.781962E+01 -.106094E+01 0.229247E+03
 -.530001E+01 -.295546E+01 -.746619E+01 -.107139E+01 0.189727E+03
 -.552198E+01 -.297315E+01 -.761172E+01 -.108784E+01 0.189050E+03
 -.524084E+01 -.296101E+01 -.832302E+01 -.108731E+01 0.190541E+03
 -.522265E+01 -.298785E+01 -.749003E+01 -.112282E+01 0.230303E+03
 -.524584E+01 -.296264E+01 -.746604E+01 -.106459E+01 0.185361E+03
 -.513449E+01 -.295100E+01 -.725965E+01 -.110893E+01 0.215056E+03
 -.532604E+01 -.294684E+01 -.732885E+01 -.106597E+01 0.199431E+03
 -.538266E+01 -.295954E+01 -.753342E+01 -.108169E+01 0.188975E+03
 -.527105E+01 -.297176E+01 -.747064E+01 -.109168E+01 0.190950E+03
 -.522497E+01 -.297216E+01 -.757766E+01 -.103748E+01 0.199023E+03
 -.484341E+01 -.298655E+01 -.767735E+01 -.106475E+01 0.192345E+03
 -.524321E+01 -.297496E+01 -.737603E+01 -.106691E+01 0.184628E+03
 -.498735E+01 -.296811E+01 -.755224E+01 -.106432E+01 0.184051E+03
 -.510420E+01 -.297420E+01 -.749242E+01 -.110063E+01 0.197816E+03
 -.526499E+01 -.296470E+01 -.759461E+01 -.106836E+01 0.184389E+03
 -.402901E+01 -.301985E+01 -.722385E+01 -.106036E+01 0.254907E+03
 -.529280E+01 -.294459E+01 -.653842E+01 -.106936E+01 0.202625E+03
 -.538743E+01 -.298340E+01 -.753024E+01 -.107001E+01 0.189323E+03
 -.499932E+01 -.297201E+01 -.722109E+01 -.103830E+01 0.198195E+03
 -.523723E+01 -.296275E+01 -.747230E+01 -.112892E+01 0.230145E+03
 -.377198E+01 -.292678E+01 -.776517E+01 -.109465E+01 0.249403E+03
 -.523266E+01 -.298486E+01 -.783394E+01 -.110926E+01 0.211869E+03
 -.525303E+01 -.297121E+01 -.748419E+01 -.100817E+01 0.244410E+03
 -.524084E+01 -.296782E+01 -.720789E+01 -.106894E+01 0.183785E+03
 -.520135E+01 -.297560E+01 -.741877E+01 -.107164E+01 0.184904E+03
 -.518498E+01 -.297959E+01 -.712045E+01 -.109444E+01 0.195527E+03
 -.583451E+01 -.294352E+01 -.743869E+01 -.105204E+01 0.208496E+03
 -.522130E+01 -.299616E+01 -.749762E+01 -.106952E+01 0.203977E+03
 -.523809E+01 -.294457E+01 -.758970E+01 -.112273E+01 0.239427E+03
 -.523128E+01 -.293626E+01 -.676360E+01 -.104824E+01 0.224086E+03
 -.515841E+01 -.297170E+01 -.794173E+01 -.105535E+01 0.186523E+03
 -.517699E+01 -.298099E+01 -.868821E+01 -.107623E+01 0.188315E+03
 -.523155E+01 -.295585E+01 -.759823E+01 -.105086E+01 0.194116E+03
 -.547775E+01 -.296614E+01 -.755951E+01 -.106967E+01 0.184047E+03
 -.527720E+01 -.293094E+01 -.725944E+01 -.107464E+01 0.230274E+03
 -.523044E+01 -.298841E+01 -.758972E+01 -.106907E+01 0.194002E+03
 -.532289E+01 -.296290E+01 -.724653E+01 -.114011E+01 0.246861E+03
 -.523263E+01 -.294639E+01 -.747634E+01 -.109014E+01 0.206137E+03
 -.544671E+01 -.296409E+01 -.705750E+01 -.103141E+01 0.206413E+03
 -.523705E+01 -.295071E+01 -.744122E+01 -.105306E+01 0.198066E+03
 -.525408E+01 -.300670E+01 -.692212E+01 -.106645E+01 0.222703E+03
 -.519796E+01 -.297220E+01 -.738807E+01 -.107167E+01 0.184032E+03
 -.516739E+01 -.299175E+01 -.746725E+01 -.107310E+01 0.198171E+03
 -.577546E+01 -.295972E+01 -.741607E+01 -.104994E+01 0.191891E+03
 -.540925E+01 -.296144E+01 -.725012E+01 -.106579E+01 0.185773E+03
 -.522150E+01 -.294746E+01 -.759534E+01 -.111071E+01 0.221271E+03
 -.462276E+01 -.296071E+01 -.749840E+01 -.100963E+01 0.243556E+03
 -.519070E+01 -.296993E+01 -.803078E+01 -.109102E+01 0.190410E+03
 -.521906E+01 -.297442E+01 -.803989E+01 -.101953E+01 0.223396E+03
 -.549215E+01 -.297458E+01 -.900000E+01 -.108377E+01 0.187548E+03
 -.523059E+01 -.295337E+01 -.758514E+01 -.104687E+01 0.198803E+03
 -.581912E+01 -.296941E+01 -.757585E+01 -.107233E+01 0.183876E+03
 -.526737E+01 -.293830E+01 -.759653E+01 -.107253E+01 0.213807E+03
 -.513052E+01 -.295027E+01 -.749891E+01 -.106864E+01 0.194900E+03
 -.530019E+01 -.295868E+01 -.764615E+01 -.104887E+01 0.193172E+03
 -.425352E+01 -.300384E+01 -.805353E+01 -.105260E+01 0.220937E+03
 -.524313E+01 -.295018E+01 -.743562E+01 -.107495E+01 0.195531E+03
 -.524586E+01 -.298174E+01 -.747802E+01 -.101448E+01 0.236007E+03
 -.522843E+01 -.294431E+01 -.752216E+01 -.106680E+01 0.203109E+03
 -.496624E+01 -.301237E+01 -.790986E+01 -.106461E+01 0.235248E+03
 -.523507E+01 -.296931E+01 -.748044E+01 -.106937E+01 0.183707E+03
 -.529441E+01 -.296670E+01 -.761768E+01 -.103082E+01 0.206494E+03
 -.505567E+01 -.298033E+01 -.750951E+01 -.107754E+01 0.188184E+03
 -.522640E+01 -.298983E+01 -.758492E+01 -.102854E+01 0.221078E+03
 -.525065E+01 -.299307E+01 -.750066E+01 -.106970E+01 0.199618E+03
 -.521031E+01 -.297294E+01 -.733679E+01 -.109177E+01 0.191202E+03
 -.549260E+01 -.296294E+01 -.876876E+01 -.108371E+01 0.188051E+03
 -.524052E+01 -.297655E+01 -.754829E+01 -.110269E+01 0.200350E+03
 -.575639E+01 -.297190E+01 -.755736E+01 -.107173E+01 0.183992E+03
 -.523975E+01 -.296083E+01 -.769115E+01 -.106444E+01 0.186222E+03
 -.524357E+01 -.296237E+01 -.681903E+01 -.107915E+01 0.186709E+03
 -.510167E+01 -.294648E+01 -.744750E+01 -.107033E+01 0.199856E+03
 -.523709E+01 -.296148E+01 -.751119E+01 -.102204E+01 0.220531E+03
 -.536922E+01 -.299490E+01 -.734032E+01 -.110288E+01 0.217486E+03
 -.501052E+01 -.301775E+01 -.818660E+01 -.107987E+01 0.249918E+03
 -.523945E+01 -.298109E+01 -.847883E+01 -.110322E+01 0.203263E+03
 -.522914E+01 -.294802E+01 -.748447E+01 -.106930E+01 0.197705E+03
 -.502204E+01 -.294543E+01 -.720617E+01 -.106590E+01 0.201468E+03
 -.526372E+01 -.296727E+01 -.755334E+01 -.106735E+01 0.183879E+03
 -.537058E+01 -.293770E+01 -.730742E+01 -.104245E+01 0.225371E+03
 -.533130E+01 -.296871E+01 -.754403E+01 -.107644E+01 0.184536E+03
 -.523994E+01 -.296188E+01 -.746836E+01 -.106703E+01 0.185479E+03
 -.525547E+01 -.300025E+01 -.744475E+01 -.104720E+01 0.217548E+03
 -.546195E+01 -.297645E+01 -.748347E+01 -.105717E+01 0.187113E+03
 -.533870E+01 -.296992E+01 -.707562E+01 -.104034E+01 0.196108E+03
 -.519135E+01 -.297412E+01 -.735143E+01 -.108291E+01 0.187083E+03
 -.531925E+01 -.297729E+01 -.716876E+01 -.107651E+01 0.186305E+03
 -.523750E+01 -.298531E+01 -.746486E+01 -.111158E+01 0.214664E+03
 -.488450E+01 -.297104E+01 -.755728E+01 -.106640E+01 0.183857E+03
 -.546080E+01 -.301836E+01 -.735332E+01 -.106280E+01 0.250303E+03
 -.522418E+01 -.298414E+01 -.740570E+01 -.106595E+01 0.190035E+03
 -.546562E+01 -.299115E+01 -.758579E+01 -.107030E+01 0.197184E+03
 -.509799E+01 -.297723E+01 -.735279E+01 -.104505E+01 0.193991E+03
 -.523623E+01 -.298027E+01 -.748311E+01 -.111677E+01 0.216577E+03
 -.541545E+01 -.294632E+01 -.802297E+01 -.112668E+01 0.242043E+03
 -.533551E+01 -.297335E+01 -.795283E+01 -.108657E+01 0.188466E+03
 -.523287E+01 -.296958E+01 -.837483E+01 -.109680E+01 0.194208E+03
 -.523829E+01 -.297430E+01 -.742334E+01 -.107034E+01 0.184411E+03
 -.502530E+01 -.298766E+01 -.749829E+01 -.108107E+01 0.195308E+03
 -.523678E+01 -.294813E+01 -.774226E+01 -.112786E+01 0.241180E+03
 -.525512E+01 -.296928E+01 -.751740E+01 -.106699E+01 0.183751E+03
 -.529645E+01 -.297381E+01 -.734120E+01 -.106217E+01 0.184890E+03
 -.548440E+01 -.296030E+01 -.748571E+01 -.107200E+01 0.186375E+03
 -.524723E+01 -.296419E+01 -.679441E+01 -.107662E+01 0.185395E+03
 -.522725E+01 -.296693E+01 -.753307E+01 -.107308E+01 0.184155E+03
 -.519045E+01 -.297047E+01 -.775524E+01 -.104395E+01 0.193104E+03
 -.514622E+01 -.298662E+01 -.633702E+01 -.106116E+01 0.193020E+03
 -.523390E+01 -.295305E+01 -.738326E+01 -.102100E+01 0.228429E+03
 -.451114E+01 -.296887E+01 -.750347E+01 -.106410E+01 0.184038E+03
 -.460766E+01 -.297492E+01 -.754518E+01 -.104324E+01 0.194500E+03
 -.523574E+01 -.300073E+01 -.738844E+01 -.106876E+01 0.211349E+03
 -.526494E+01 -.298489E+01 -.752575E+01 -.106796E+01 0.190566E+03
 -.518155E+01 -.298335E+01 -.710906E+01 -.111927E+01 0.221731E+03
 -.523418E+01 -.294557E+01 -.749305E+01 -.111967E+01 0.234089E+03
 -.478338E+01 -.292982E+01 -.745287E+01 -.106167E+01 0.233316E+03
 -.523401E+01 -.295006E+01 -.784500E+01 -.105785E+01 0.196912E+03
 -.524561E+01 -.298740E+01 -.714964E+01 -.106773E+01 0.192969E+03
 -.513335E+01 -.299105E+01 -.754058E+01 -.113501E+01 0.250979E+03
 -.543323E+01 -.297988E+01 -.781565E+01 -.106119E+01 0.187691E+03
 -.521635E+01 -.297094E+01 -.743499E+01 -.107158E+01 0.183872E+03
 -.509391E+01 -.294015E+01 -.710452E+01 -.109696E+01 0.220733E+03
 -.521248E+01 -.300009E+01 -.745948E+01 -.107734E+01 0.211263E+03
 -.512880E+01 -.296604E+01 -.744951E+01 -.107215E+01 0.184214E+03
 -.525020E+01 -.293168E+01 -.753719E+01 -.108164E+01 0.230280E+03
 -.521373E+01 -.294149E+01 -.755163E+01 -.109064E+01 0.214193E+03
 -.537914E+01 -.297042E+01 -.746130E+01 -.105567E+01 0.186279E+03
 -.510375E+01 -.295880E+01 -.657737E+01 -.104173E+01 0.198310E+03
 -.522449E+01 -.296702E+01 -.800669E+01 -.106665E+01 0.183951E+03
 -.509742E+01 -.296814E+01 -.665679E+01 -.105840E+01 0.185348E+03
 -.499846E+01 -.296773E+01 -.753089E+01 -.106723E+01 0.183830E+03
 -.515662E+01 -.296635E+01 -.759629E+01 -.112979E+01 0.230299E+03
 -.524919E+01 -.296892E+01 -.775185E+01 -.107046E+01 0.183750E+03
 -.510881E+01 -.296028E+01 -.747889E+01 -.106796E+01 0.186254E+03
 -.515517E+01 -.296430E+01 -.739684E+01 -.108380E+01 0.187608E+03
 -.523414E+01 -.295876E+01 -.750399E+01 -.101116E+01 0.241551E+03
 -.538683E+01 -.300222E+01 -.622108E+01 -.102011E+01 0.252005E+03
 -.499528E+01 -.296934E+01 -.801485E+01 -.104578E+01 0.191717E+03
 -.523641E+01 -.295651E+01 -.748582E+01 -.106282E+01 0.189293E+03
 -.524298E+01 -.295753E+01 -.706891E+01 -.106733E+01 0.188029E+03
 -.516312E+01 -.298783E+01 -.748576E+01 -.107507E+01 0.193943E+03
 -.512971E+01 -.295838E+01 -.739430E+01 -.106649E+01 0.187489E+03
 -.510614E+01 -.300965E+01 -.785593E+01 -.106531E+01 0.229044E+03
 -.519441E+01 -.297001E+01 -.740328E+01 -.107215E+01 0.183867E+03
 -.528701E+01 -.298042E+01 -.750396E+01 -.108100E+01 0.189238E+03
 -.489465E+01 -.297259E+01 -.746274E+01 -.107100E+01 0.184052E+03
 -.517980E+01 -.295509E+01 -.728690E+01 -.108712E+01 0.194546E+03
 -.524748E+01 -.296716E+01 -.748457E+01 -.106540E+01 0.184032E+03
 -.525160E+01 -.296472E+01 -.781258E+01 -.108449E+01 0.187771E+03
 -.507817E+01 -.295528E+01 -.739904E+01 -.106081E+01 0.190721E+03
 -.599532E+01 -.296988E+01 -.761273E+01 -.107143E+01 0.183802E+03
 -.510447E+01 -.297251E+01 -.743534E+01 -.107418E+01 0.184375E+03
 -.525450E+01 -.294471E+01 -.783391E+01 -.107148E+01 0.202531E+03
 -.523396E+01 -.294562E+01 -.747608E+01 -.106993E+01 0.201080E+03
 -.506431E+01 -.295599E+01 -.774665E+01 -.101324E+01 0.239494E+03
 -.523574E+01 -.297400E+01 -.748843E+01 -.103196E+01 0.205469E+03
 -.587595E+01 -.295180E+01 -.816640E+01 -.110921E+01 0.214458E+03
 -.518582E+01 -.299017E+01 -.851153E+01 -.108711E+01 0.200574E+03
 -.523678E+01 -.297634E+01 -.720868E+01 -.107238E+01 0.185253E+03
 -.523088E+01 -.295018E+01 -.769230E+01 -.107048E+01 0.195036E+03
 -.526273E+01 -.296313E+01 -.744296E+01 -.102181E+01 0.220184E+03
 -.501200E+01 -.300731E+01 -.755369E+01 -.107162E+01 0.223979E+03
 -.520412E+01 -.296814E+01 -.753682E+01 -.106659E+01 0.183828E+03
 -.518095E+01 -.297726E+01 -.758938E+01 -.104940E+01 0.191111E+03
 -.533139E+01 -.295968E+01 -.749933E+01 -.107196E+01 0.186729E+03
 -.515355E+01 -.297593E+01 -.747376E+01 -.106857E+01 0.184915E+03
 -.525933E+01 -.298870E+01 -.743211E+01 -.104852E+01 0.200502E+03
 -.528875E+01 -.297135E+01 -.748292E+01 -.108495E+01 0.187392E+03
 -.530617E+01 -.296970E+01 -.740000E+01 -.105931E+01 0.185025E+03
 -.523071E+01 -.296622E+01 -.749325E+01 -.106745E+01 0.184048E+03
 -.520656E+01 -.296368E+01 -.792620E+01 -.107209E+01 0.184860E+03
 -.523567E+01 -.299374E+01 -.741956E+01 -.109059E+01 0.206967E+03
 -.608476E+01 -.297038E+01 -.750930E+01 -.107172E+01 0.183844E+03
 -.510037E+01 -.297444E+01 -.736358E+01 -.102940E+01 0.208777E+03
 -.524949E+01 -.293138E+01 -.750711E+01 -.108413E+01 0.231966E+03
 -.525228E+01 -.296424E+01 -.762367E+01 -.106901E+01 0.184522E+03
 -.435440E+01 -.295663E+01 -.713759E+01 -.107023E+01 0.188700E+03
 -.526151E+01 -.297031E+01 -.580000E+01 -.108384E+01 0.186841E+03
 -.535429E+01 -.296539E+01 -.751902E+01 -.107090E+01 0.184265E+03
 -.523554E+01 -.296384E+01 -.749214E+01 -.108913E+01 0.190292E+03
 -.503750E+01 -.296797E+01 -.758637E+01 -.106932E+01 0.183775E+03
 -.523629E+01 -.298671E+01 -.716691E+01 -.107618E+01 0.193020E+03
 -.523200E+01 -.297161E+01 -.790030E+01 -.106981E+01 0.183847E+03
 -.521447E+01 -.297750E+01 -.749617E+01 -.105876E+01 0.187054E+03
 -.523062E+01 -.296362E+01 -.749415E+01 -.108807E+01 0.189807E+03
 -.528326E+01 -.296808E+01 -.723758E+01 -.106954E+01 0.183769E+03
 -.525523E+01 -.296859E+01 -.761988E+01 -.106573E+01 0.183863E+03
 -.521221E+01 -.295449E+01 -.724578E+01 -.106006E+01 0.191609E+03
 -.532499E+01 -.297140E+01 -.747920E+01 -.106862E+01 0.183809E+03
 -.523355E+01 -.295561E+01 -.742695E+01 -.105182E+01 0.193805E+03
 -.523806E+01 -.296395E+01 -.746296E+01 -.106388E+01 0.184969E+03
 -.526676E+01 -.297285E+01 -.747860E+01 -.108404E+01 0.187234E+03
 -.548376E+01 -.296741E+01 -.748238E+01 -.102284E+01 0.217485E+03
 -.530349E+01 -.294410E+01 -.739139E+01 -.102205E+01 0.238288E+03
 -.521467E+01 -.296811E+01 -.785099E+01 -.105410E+01 0.186967E+03
 -.532466E+01 -.297862E+01 -.805837E+01 -.108061E+01 0.188066E+03
 -.523362E+01 -.296435E+01 -.748300E+01 -.114353E+01 0.251903E+03
 -.473765E+01 -.296874E+01 -.757749E+01 -.106863E+01 0.183720E+03
 -.518837E+01 -.297106E+01 -.748259E+01 -.111538E+01 0.211670E+03
 -.588233E+01 -.299155E+01 -.697148E+01 -.107487E+01 0.198174E+03
 -.524929E+01 -.298547E+01 -.727028E+01 -.106880E+01 0.191080E+03
 -.528597E+01 -.298246E+01 -.754630E+01 -.106879E+01 0.188581E+03
 -.512224E+01 -.294545E+01 -.747963E+01 -.108090E+01 0.203348E+03
 -.522920E+01 -.298562E+01 -.752421E+01 -.102697E+01 0.218833E+03
 -.523517E+01 -.295801E+01 -.748310E+01 -.110456E+01 0.204501E+03
 -.545230E+01 -.295335E+01 -.728033E+01 -.114042E+01 0.253920E+03
 -.493375E+01 -.295261E+01 -.675110E+01 -.105545E+01 0.194948E+03
 -.523713E+01 -.296392E+01 -.751658E+01 -.108073E+01 0.186602E+03
 -.523427E+01 -.297388E+01 -.743178E+01 -.107429E+01 0.184689E+03
 -.524504E+01 -.298576E+01 -.786668E+01 -.106762E+01 0.191365E+03
 -.519346E+01 -.297966E+01 -.752076E+01 -.109420E+01 0.195412E+03
 -.543671E+01 -.293844E+01 -.706720E+01 -.106711E+01 0.213388E+03
 -.528025E+01 -.297017E+01 -.746905E+01 -.107117E+01 0.183793E+03
 -.526045E+01 -.298306E+01 -.733767E+01 -.106084E+01 0.189967E+03
 -.541269E+01 -.296707E+01 -.748367E+01 -.106877E+01 0.183876E+03
 -.524106E+01 -.295434E+01 -.752078E+01 -.108120E+01 0.192752E+03
 -.539048E+01 -.296699E+01 -.747364E+01 -.106558E+01 0.184039E+03
 -.539319E+01 -.297421E+01 -.768373E+01 -.106617E+01 0.184454E+03
 -.520679E+01 -.296957E+01 -.814712E+01 -.105428E+01 0.186830E+03
 -.524264E+01 -.299183E+01 -.782781E+01 -.109877E+01 0.209986E+03
 -.516364E+01 -.297375E+01 -.727151E+01 -.106925E+01 0.184235E+03
 -.523779E+01 -.294465E+01 -.747235E+01 -.109113E+01 0.209291E+03
 -.488147E+01 -.296806E+01 -.755980E+01 -.106621E+01 0.183861E+03
 -.519551E+01 -.296946E+01 -.750342E+01 -.109807E+01 0.195155E+03
 -.538139E+01 -.296195E+01 -.802774E+01 -.106621E+01 0.185501E+03
 -.522707E+01 -.296888E+01 -.755041E+01 -.107016E+01 0.183738E+03
 -.467552E+01 -.298058E+01 -.716171E+01 -.106825E+01 0.187287E+03
 -.519737E+01 -.298553E+01 -.753024E+01 -.106886E+01 0.191137E+03
 -.523487E+01 -.297233E+01 -.748469E+01 -.108088E+01 0.185962E+03
 -.507740E+01 -.301822E+01 -.669866E+01 -.106048E+01 0.250435E+03
 -.537208E+01 -.297982E+01 -.667111E+01 -.106412E+01 0.187125E+03
 -.523337E+01 -.295990E+01 -.764697E+01 -.106698E+01 0.186507E+03
 -.524048E+01 -.296072E+01 -.750142E+01 -.106667E+01 0.186074E+03
 -.525688E+01 -.296425E+01 -.748000E+01 -.110051E+01 0.197894E+03
 -.485064E+01 -.298067E+01 -.742484E+01 -.105835E+01 0.188942E+03
 -.507643E+01 -.293500E+01 -.711437E+01 -.111329E+01 0.245981E+03
 -.549540E+01 -.295037E+01 -.730204E+01 -.107111E+01 0.194859E+03
 -.519176E+01 -.297053E+01 -.737799E+01 -.107371E+01 0.184072E+03
 -.531618E+01 -.297559E+01 -.753237E+01 -.106445E+01 0.185066E+03
 -.533516E+01 -.296803E+01 -.748240E+01 -.106880E+01 0.183766E+03
 -.523422E+01 -.294260E+01 -.748691E+01 -.106961E+01 0.205824E+03
 -.522074E+01 -.294729E+01 -.747715E+01 -.105227E+01 0.202765E+03
 -.516820E+01 -.296838E+01 -.747521E+01 -.109821E+01 0.195294E+03
 -.527563E+01 -.298996E+01 -.715638E+01 -.109820E+01 0.207294E+03
 -.525397E+01 -.296853E+01 -.775698E+01 -.106403E+01 0.184061E+03
 -.504916E+01 -.296906E+01 -.672490E+01 -.105988E+01 0.184874E+03
 -.524166E+01 -.298254E+01 -.740107E+01 -.103646E+01 0.204793E+03
 -.549906E+01 -.297112E+01 -.753868E+01 -.106612E+01 0.183883E+03
 -.516985E+01 -.296889E+01 -.742794E+01 -.102660E+01 0.211848E+03
 -.522001E+01 -.295677E+01 -.768710E+01 -.107008E+01 0.188587E+03
 -.523719E+01 -.297013E+01 -.749302E+01 -.107069E+01 0.183763E+03
 -.523474E+01 -.298092E+01 -.748420E+01 -.105538E+01 0.190162E+03
 -.541497E+01 -.295769E+01 -.801637E+01 -.102503E+01 0.218265E+03
 -.521542E+01 -.299305E+01 -.711327E+01 -.107282E+01 0.199807E+03
 -.523540E+01 -.296731E+01 -.740086E+01 -.107123E+01 0.183926E+03
 -.523465E+01 -.295599E+01 -.713556E+01 -.106611E+01 0.189293E+03
 -.524054E+01 -.295875E+01 -.746313E+01 -.107799E+01 0.188341E+03
 -.463740E+01 -.294079E+01 -.747427E+01 -.105831E+01 0.210560E+03
 -.499168E+01 -.298764E+01 -.748442E+01 -.107117E+01 0.193270E+03
 -.523519E+01 -.295248E+01 -.740685E+01 -.110981E+01 0.214338E+03
 -.520416E+01 -.296979E+01 -.742382E+01 -.106846E+01 0.183706E+03
 -.530457E+01 -.296109E+01 -.742730E+01 -.106730E+01 0.185848E+03
 -.522576E+01 -.296909E+01 -.748194E+01 -.106871E+01 0.183707E+03
 -.522404E+01 -.300528E+01 -.745767E+01 -.105847E+01 0.221340E+03
 -.523438E+01 -.296078E+01 -.770445E+01 -.107658E+01 0.186821E+03
 -.525586E+01 -.297602E+01 -.745539E+01 -.105430E+01 0.188067E+03
 -.535218E+01 -.296929E+01 -.747775E+01 -.109530E+01 0.193149E+03
 -.519590E+01 -.297017E+01 -.755384E+01 -.104563E+01 0.191837E+03
 -.525949E+01 -.296787E+01 -.739356E+01 -.107719E+01 0.184763E+03
 -.513915E+01 -.296813E+01 -.738901E+01 -.107175E+01 0.183879E+03
 -.523348E+01 -.298840E+01 -.738038E+01 -.102388E+01 0.226074E+03
 -.585275E+01 -.297303E+01 -.755128E+01 -.106910E+01 0.184068E+03
 -.524061E+01 -.296451E+01 -.748011E+01 -.104246E+01 0.195011E+03
 -.508367E+01 -.297413E+01 -.740321E+01 -.102911E+01 0.209079E+03
 -.508660E+01 -.298316E+01 -.736561E+01 -.106895E+01 0.189115E+03
 -.523723E+01 -.297619E+01 -.745915E+01 -.106939E+01 0.185016E+03
 -.526675E+01 -.295791E+01 -.746172E+01 -.107190E+01 0.187863E+03
 -.509790E+01 -.293158E+01 -.748694E+01 -.107312E+01 0.228505E+03
 -.523518E+01 -.297063E+01 -.748419E+01 -.106299E+01 0.184233E+03
 -.484654E+01 -.296128E+01 -.829695E+01 -.107345E+01 0.186020E+03
 -.523640E+01 -.297416E+01 -.732857E+01 -.107419E+01 0.184747E+03
 -.523717E+01 -.298067E+01 -.718733E+01 -.106818E+01 0.187343E+03
 -.522183E+01 -.298275E+01 -.747093E+01 -.105265E+01 0.192677E+03
 -.558908E+01 -.297375E+01 -.742825E+01 -.107059E+01 0.184278E+03
 -.518935E+01 -.296461E+01 -.778228E+01 -.102004E+01 0.222553E+03
 -.495071E+01 -.298068E+01 -.733962E+01 -.106960E+01 0.187353E+03
 -.522359E+01 -.296920E+01 -.754287E+01 -.106466E+01 0.183954E+03
 -.524207E+01 -.296785E+01 -.733604E+01 -.106927E+01 0.183785E+03
 -.514461E+01 -.296990E+01 -.748242E+01 -.106864E+01 0.183707E+03
 -.523480E+01 -.292219E+01 -.747877E+01 -.106772E+01 0.253878E+03
 -.523828E+01 -.301335E+01 -.732049E+01 -.105552E+01 0.239894E+03
 -.525131E+01 -.298200E+01 -.748252E+01 -.106210E+01 0.188897E+03
 -.539608E+01 -.296692E+01 -.748297E+01 -.104758E+01 0.190680E+03
 -.522309E+01 -.296694E+01 -.781030E+01 -.107470E+01 0.184384E+03
 -.532749E+01 -.296820E+01 -.798805E+01 -.107867E+01 0.185108E+03
 -.523355E+01 -.296045E+01 -.742371E+01 -.107959E+01 0.187768E+03
 -.588060E+01 -.296909E+01 -.753328E+01 -.107037E+01 0.183741E+03
 -.504915E+01 -.297639E+01 -.749152E+01 -.110364E+01 0.201120E+03
 -.524041E+01 -.298205E+01 -.732701E+01 -.106859E+01 0.188276E+03
 -.483996E+01 -.300504E+01 -.746231E+01 -.106777E+01 0.219327E+03
 -.521689E+01 -.297997E+01 -.749160E+01 -.107113E+01 0.186974E+03
 -.522327E+01 -.298353E+01 -.765119E+01 -.101074E+01 0.244672E+03
 -.523522E+01 -.296164E+01 -.748315E+01 -.107480E+01 0.186048E+03
 -.615549E+01 -.295802E+01 -.737467E+01 -.109051E+01 0.194061E+03
 -.475703E+01 -.295017E+01 -.824125E+01 -.106779E+01 0.195022E+03
 -.525394E+01 -.296901E+01 -.764481E+01 -.105089E+01 0.188505E+03
 -.523587E+01 -.297267E+01 -.730357E+01 -.106497E+01 0.184212E+03
 -.527999E+01 -.297453E+01 -.748372E+01 -.105426E+01 0.187584E+03
 -.524069E+01 -.297645E+01 -.736422E+01 -.107034E+01 0.185149E+03
 -.521205E+01 -.298146E+01 -.749416E+01 -.104270E+01 0.198235E+03
 -.598574E+01 -.294082E+01 -.747746E+01 -.109512E+01 0.218213E+03
 -.510470E+01 -.297710E+01 -.769365E+01 -.101023E+01 0.241683E+03
 -.529922E+01 -.294573E+01 -.750308E+01 -.106745E+01 0.200932E+03
 -.512835E+01 -.295539E+01 -.728336E+01 -.106800E+01 0.189699E+03
 -.523847E+01 -.299005E+01 -.796120E+01 -.102101E+01 0.232403E+03
 -.524368E+01 -.296948E+01 -.747289E+01 -.106987E+01 0.183718E+03
 -.519436E+01 -.297383E+01 -.729660E+01 -.107057E+01 0.184297E+03
 -.519614E+01 -.297009E+01 -.748279E+01 -.106873E+01 0.183712E+03
 -.523446E+01 -.293282E+01 -.743551E+01 -.106630E+01 0.225409E+03
 -.512462E+01 -.298573E+01 -.680382E+01 -.101191E+01 0.244216E+03
