                      0.00000000000000000000
                      0.00000000000000000000
                      0.00000000000000000000
                      1.00000000000000000000
                      0.00000010000000000000
                      0.00010000000000000000
                      1.00000000000000000000
                    160.00000000000000000000
                      0.00695482142857142913
                      0.17948717948717948789
                      0.35928336663014759367
                      0.00000000000000000000
                      0.00000000000000000000
                      0.00000000000000000000
                     28.81826964121228229487
                      0.00000000000000000000
                      0.00000000000000000000
                      0.00000000000000000000
                      0.00000000000000000000
                      0.00000000000000000000
                      0.00161328070609826030
                      1.01000000000000000888
